	GNM000007925	GNM000011465	GNM000011485	GNM000012465	GNM000012505	GNM000012625	GNM000012645	GNM000014585	GNM000015645	GNM000015665	GNM000015685	GNM000015705	GNM000015965	GNM000018065	GNM000018585	GNM000063505	GNM000153045	GNM000153065	GNM000153285	GNM000153805	GNM000153825	GNM000155635	GNM000158595	GNM000161795	GNM000179235	GNM000179255	GNM000195975	GNM000230675	GNM000515235	GNM000737535	GNM000737595	GNM000757845	GNM000757865	GNM000759855	GNM000759865	GNM000759875	GNM000759885	GNM000759935	GNM000759955	GNM000759975	GNM000760015	GNM000760035	GNM000760055	GNM000760075	GNM000760095	GNM000760115	GNM000760155	GNM000760175	GNM000760195	GNM000760215	GNM000760235	GNM000760255	GNM000760275	GNM000760295	GNM000760335	GNM000760355	GNM000760375	GNM001040845	GNM001631935	GNM001631965	GNM001631985	GNM001632005	GNM001632025	GNM001632045	GNM001632065	GNM001632075	GNM001632105	GNM001632125	GNM001632145	GNM001632165	GNM001885215	GNM001989415	GNM001989435	GNM001989455	GNM002006815	GNM002252625	GNM002252635	GNM002252665	GNM002252675	GNM002812945	GNM003011125	GNM003011885	GNM003208055	GNM003208065	GNM004209775	GNM004332405	GNM004332415	GNM007828135	GNM008807075	GNM009834675	GNM900088535
GNM000007925	1757	1404	1444	1488	1428	1441	1415	1431	1415	1399	1499	1452	1401	1405	1509	1406	1375	1390	1412	1429	1427	1369	1400	1429	1388	1409	1425	1421	1420	1438	1431	1414	1495	1404	1399	1404	1402	1404	1411	1419	1417	1408	1409	1407	1408	1397	1744	1524	1564	1565	1492	1748	1747	1433	1430	1742	1738	1440	1422	1434	1443	1444	1437	1446	1445	1447	1421	1441	1443	1437	1360	1407	1405	1405	1203	1386	1361	1381	1372	1403	1301	1349	1474	1465	1396	1407	1395	1360	1374	1379	1375
GNM000011465	1404	1815	1363	1468	1386	1405	1630	1395	1649	1618	1471	1373	1640	1631	1370	1371	1350	1361	1381	1389	1389	1346	1626	1400	1365	1371	1401	1395	1389	1400	1398	1652	1479	1614	1608	1812	1613	1613	1636	1637	1630	1671	1633	1632	1635	1642	1403	1385	1393	1394	1466	1402	1404	1348	1346	1400	1397	1395	1390	1349	1367	1362	1356	1366	1367	1366	1389	1358	1363	1408	1326	1652	1652	1652	1181	1361	1338	1351	1351	1624	1276	1332	1426	1436	1371	1370	1366	1327	1341	1352	1351
GNM000011485	1444	1363	2285	1435	1702	1743	1377	1755	1366	1343	1441	2108	1372	1369	1432	1745	1690	1733	1753	1709	1799	1688	1362	1680	1721	1709	1711	1770	1735	1747	1759	1381	1456	1366	1359	1363	1375	1368	1380	1390	1378	1376	1372	1369	1369	1376	1444	1433	1430	1430	1443	1444	1444	2047	2042	1443	1441	1773	1787	2102	2098	2136	2104	2102	2101	2154	1796	2127	2122	1755	1659	1376	1375	1375	1450	1696	1675	1652	1681	1368	1570	1647	1431	1420	1735	1720	1713	1660	1681	1690	1699
GNM000012465	1488	1468	1435	1853	1440	1455	1473	1428	1469	1441	1820	1443	1468	1470	1453	1418	1389	1401	1425	1441	1431	1389	1463	1459	1401	1418	1446	1441	1433	1435	1446	1474	1794	1464	1458	1468	1464	1462	1471	1480	1474	1475	1468	1467	1468	1477	1484	1460	1469	1470	1787	1486	1485	1418	1416	1481	1479	1437	1436	1425	1439	1437	1429	1436	1438	1441	1437	1435	1434	1445	1359	1481	1477	1477	1221	1398	1368	1386	1377	1470	1317	1367	1680	1745	1411	1409	1413	1361	1384	1381	1393
GNM000012505	1428	1386	1702	1440	2249	2009	1393	1936	1396	1372	1448	1710	1392	1401	1413	1892	1766	1810	1910	2121	1919	1778	1396	1932	1795	1812	1986	1940	1969	1983	1980	1423	1451	1388	1381	1386	1400	1387	1404	1401	1394	1401	1401	1399	1400	1409	1428	1408	1414	1414	1453	1427	1429	1690	1685	1426	1425	1934	1925	1689	1706	1701	1687	1715	1714	1700	1929	1695	1709	1913	1726	1409	1408	1408	1487	1775	1728	1742	1731	1395	1626	1729	1430	1422	1831	1833	1850	1727	1774	1738	1780
GNM000012625	1441	1405	1743	1455	2009	2449	1416	1946	1399	1392	1468	1752	1420	1417	1426	1934	1825	1865	1977	2020	2005	1850	1412	2080	1867	1877	2086	1957	2083	2092	2167	1437	1471	1406	1400	1406	1416	1406	1424	1424	1416	1415	1412	1407	1409	1433	1438	1421	1421	1421	1472	1439	1440	1723	1717	1437	1436	1962	1982	1734	1734	1737	1725	1745	1742	1735	1991	1734	1739	1952	1780	1438	1437	1437	1525	1848	1791	1776	1799	1416	1669	1763	1441	1432	1910	1894	1881	1781	1831	1811	1854
GNM000012645	1415	1630	1377	1473	1393	1416	1821	1408	1655	1594	1478	1386	1655	1647	1385	1374	1352	1372	1389	1400	1404	1355	1628	1409	1369	1377	1410	1414	1401	1407	1408	1658	1483	1623	1618	1629	1649	1623	1643	1683	1817	1655	1646	1645	1649	1637	1411	1395	1406	1407	1470	1412	1414	1363	1360	1409	1407	1412	1404	1361	1380	1374	1370	1380	1381	1381	1404	1371	1375	1409	1332	1665	1664	1664	1188	1362	1333	1355	1343	1639	1289	1335	1449	1445	1381	1385	1377	1334	1344	1346	1357
GNM000014585	1431	1395	1755	1428	1936	1946	1408	2449	1403	1389	1441	1769	1409	1417	1421	1993	1858	1919	2023	1943	2028	1846	1410	1879	1905	1905	1913	2186	1947	1958	2017	1420	1443	1398	1393	1396	1408	1397	1418	1403	1408	1400	1405	1404	1405	1422	1429	1418	1423	1423	1448	1429	1431	1757	1754	1428	1426	2313	2086	1746	1764	1750	1741	1763	1762	1751	2099	1748	1761	2024	1811	1409	1408	1408	1551	1853	1836	1839	1846	1397	1692	1838	1425	1417	1956	1944	1926	1811	1850	1848	1853
GNM000015645	1415	1649	1366	1469	1396	1399	1655	1403	1781	1611	1471	1370	1656	1680	1377	1364	1345	1362	1377	1392	1393	1346	1665	1394	1351	1362	1396	1407	1393	1403	1394	1672	1475	1639	1627	1648	1644	1638	1671	1654	1654	1668	1674	1671	1673	1662	1413	1390	1400	1400	1470	1412	1416	1353	1350	1409	1407	1394	1395	1352	1368	1366	1358	1370	1371	1371	1402	1363	1367	1407	1321	1667	1667	1667	1177	1349	1323	1341	1335	1661	1271	1328	1435	1446	1370	1370	1364	1322	1338	1338	1345
GNM000015665	1399	1618	1343	1441	1372	1392	1594	1389	1611	1763	1449	1349	1576	1636	1372	1366	1342	1349	1366	1377	1377	1340	1620	1381	1346	1368	1384	1399	1380	1379	1383	1605	1453	1614	1601	1616	1580	1610	1623	1578	1593	1596	1620	1621	1623	1579	1396	1386	1401	1401	1450	1396	1399	1335	1333	1393	1392	1379	1382	1334	1346	1345	1339	1349	1350	1351	1383	1342	1344	1399	1320	1582	1584	1584	1162	1353	1324	1338	1338	1584	1265	1318	1418	1421	1354	1358	1354	1320	1326	1340	1343
GNM000015685	1499	1471	1441	1820	1448	1468	1478	1441	1471	1449	1888	1457	1473	1481	1460	1413	1393	1406	1427	1451	1439	1394	1472	1464	1409	1422	1457	1442	1440	1447	1456	1489	1800	1469	1464	1471	1471	1469	1471	1485	1479	1477	1473	1473	1474	1473	1497	1465	1486	1486	1795	1497	1496	1424	1421	1492	1491	1445	1449	1430	1450	1447	1435	1447	1448	1448	1452	1444	1443	1456	1369	1485	1484	1484	1221	1404	1373	1396	1383	1474	1326	1373	1711	1745	1413	1412	1416	1371	1393	1392	1399
GNM000015705	1452	1373	2108	1443	1710	1752	1386	1769	1370	1349	1457	2382	1388	1381	1441	1768	1703	1751	1773	1733	1809	1699	1368	1670	1735	1719	1722	1785	1768	1777	1769	1385	1469	1376	1370	1373	1377	1379	1382	1403	1386	1386	1380	1377	1378	1383	1452	1444	1443	1443	1446	1452	1452	2089	2085	1452	1450	1792	1809	2138	2186	2114	2099	2126	2122	2138	1820	2105	2140	1774	1668	1386	1385	1385	1458	1711	1697	1666	1711	1371	1579	1659	1439	1428	1751	1733	1734	1669	1708	1707	1711
GNM000015965	1401	1640	1372	1468	1392	1420	1655	1409	1656	1576	1473	1388	1763	1648	1390	1377	1359	1371	1401	1408	1403	1359	1638	1402	1363	1371	1419	1404	1407	1410	1411	1664	1480	1611	1605	1640	1639	1613	1641	1684	1654	1664	1646	1642	1646	1650	1399	1395	1393	1393	1465	1398	1401	1356	1353	1395	1393	1409	1399	1357	1375	1367	1364	1376	1376	1373	1402	1364	1366	1400	1328	1686	1683	1683	1187	1364	1341	1348	1349	1655	1278	1335	1435	1439	1381	1381	1377	1329	1348	1352	1360
GNM000018065	1405	1631	1369	1470	1401	1417	1647	1417	1680	1636	1481	1381	1648	1816	1381	1376	1350	1374	1395	1405	1408	1353	1721	1405	1370	1382	1412	1420	1404	1404	1404	1672	1484	1674	1664	1630	1640	1675	1688	1648	1647	1661	1676	1675	1678	1648	1403	1389	1405	1405	1474	1402	1406	1359	1356	1399	1397	1411	1412	1356	1378	1370	1364	1380	1380	1374	1415	1368	1372	1426	1332	1651	1649	1649	1181	1359	1331	1355	1346	1655	1284	1336	1442	1448	1382	1385	1380	1334	1347	1347	1354
GNM000018585	1509	1370	1432	1453	1413	1426	1385	1421	1377	1372	1460	1441	1390	1381	1643	1393	1365	1381	1393	1425	1419	1364	1377	1418	1378	1392	1415	1413	1410	1411	1422	1381	1475	1377	1371	1369	1387	1377	1396	1390	1386	1378	1377	1375	1376	1373	1508	1557	1499	1498	1458	1507	1507	1421	1417	1507	1503	1421	1414	1425	1440	1429	1427	1436	1437	1433	1422	1427	1428	1414	1347	1381	1382	1382	1206	1370	1353	1373	1354	1371	1305	1344	1453	1437	1385	1392	1393	1348	1369	1363	1370
GNM000063505	1406	1371	1745	1418	1892	1934	1374	1993	1364	1366	1413	1768	1377	1376	1393	2328	1866	1988	2116	1875	2026	1859	1368	1855	1921	1888	1927	2026	1954	1960	1968	1382	1429	1365	1361	1372	1368	1365	1382	1378	1375	1376	1374	1374	1375	1394	1405	1392	1393	1394	1426	1405	1406	1759	1757	1405	1405	2008	2021	1752	1753	1744	1744	1776	1776	1752	2028	1741	1763	1961	1813	1386	1385	1385	1569	1869	1844	1829	1862	1369	1718	1830	1400	1389	2017	2009	2022	1814	1859	1863	1877
GNM000153045	1375	1350	1690	1389	1766	1825	1352	1858	1345	1342	1393	1703	1359	1350	1365	1866	2598	1943	1883	1787	1880	2095	1345	1744	2009	1919	1841	1897	1835	1845	1862	1361	1403	1343	1337	1350	1350	1343	1362	1360	1353	1353	1346	1345	1347	1366	1374	1366	1366	1367	1392	1374	1375	1689	1687	1374	1372	1870	1840	1683	1691	1694	1683	1700	1700	1698	1850	1692	1692	1792	2112	1367	1367	1367	1599	2335	2149	1951	2153	1357	1810	1976	1379	1363	1932	1849	1862	2111	1964	2170	2158
GNM000153065	1390	1361	1733	1401	1810	1865	1372	1919	1362	1349	1406	1751	1371	1374	1381	1988	1943	2431	1972	1810	1988	1892	1366	1794	2000	1879	1896	1942	1907	1898	1901	1371	1417	1358	1353	1362	1366	1359	1380	1375	1373	1374	1364	1364	1365	1374	1388	1386	1387	1388	1400	1389	1389	1716	1712	1388	1387	1922	1931	1724	1736	1730	1722	1745	1745	1737	1943	1729	1725	1878	1892	1383	1382	1382	1604	1956	1889	1917	1900	1367	1822	1895	1392	1378	2226	2016	2006	1893	1880	1920	1953
GNM000153285	1412	1381	1753	1425	1910	1977	1389	2023	1377	1366	1427	1773	1401	1395	1393	2116	1883	1972	2398	1903	2035	1885	1384	1884	1936	1912	1962	2070	1972	1988	2020	1406	1443	1380	1373	1382	1388	1379	1402	1395	1390	1393	1386	1385	1386	1409	1411	1395	1398	1399	1444	1411	1412	1754	1749	1410	1410	2046	2027	1754	1751	1750	1741	1766	1763	1753	2033	1747	1769	1979	1820	1401	1400	1400	1579	1889	1861	1829	1873	1383	1748	1853	1414	1403	2006	1999	1999	1819	1887	1875	1901
GNM000153805	1429	1389	1709	1441	2121	2020	1400	1943	1392	1377	1451	1733	1408	1405	1425	1875	1787	1810	1903	2276	1939	1778	1389	1928	1794	1818	1990	1948	1967	1972	1989	1423	1463	1389	1383	1389	1411	1388	1411	1407	1401	1399	1396	1392	1393	1412	1428	1424	1413	1413	1460	1428	1429	1706	1702	1428	1425	1952	1927	1708	1720	1713	1702	1733	1733	1725	1939	1708	1710	1909	1735	1407	1406	1406	1491	1792	1743	1751	1745	1399	1633	1743	1439	1422	1833	1837	1841	1735	1775	1754	1794
GNM000153825	1427	1389	1799	1431	1919	2005	1404	2028	1393	1377	1439	1809	1403	1408	1419	2026	1880	1988	2035	1939	2417	1868	1397	1916	1938	1942	1966	2065	1982	1999	2037	1414	1449	1392	1387	1390	1397	1392	1413	1407	1405	1405	1397	1396	1397	1420	1426	1410	1422	1422	1447	1426	1427	1791	1787	1424	1424	2039	2068	1779	1788	1797	1786	1807	1807	1800	2079	1794	1794	2014	1827	1410	1409	1409	1565	1882	1837	1843	1855	1397	1714	1831	1424	1408	2021	1999	1983	1826	1860	1863	1887
GNM000155635	1369	1346	1688	1389	1778	1850	1355	1846	1346	1340	1394	1699	1359	1353	1364	1859	2095	1892	1885	1778	1868	2514	1343	1748	2005	1934	1848	1865	1853	1869	1876	1367	1411	1342	1336	1347	1356	1340	1358	1362	1356	1359	1352	1350	1352	1368	1367	1365	1375	1376	1396	1368	1368	1680	1673	1367	1365	1853	1853	1680	1688	1692	1682	1707	1704	1691	1860	1687	1689	1804	1995	1368	1368	1368	1569	2088	2063	1944	2124	1354	1739	1956	1373	1361	1932	1846	1850	1994	1967	2133	2321
GNM000158595	1400	1626	1362	1463	1396	1412	1628	1410	1665	1620	1472	1368	1638	1721	1377	1368	1345	1366	1384	1389	1397	1343	1790	1400	1354	1372	1405	1403	1394	1395	1397	1665	1473	1667	1657	1625	1637	1669	1692	1637	1627	1643	1673	1673	1677	1644	1397	1384	1401	1401	1469	1397	1400	1351	1349	1393	1392	1408	1408	1350	1366	1361	1355	1363	1364	1363	1410	1357	1361	1416	1322	1647	1646	1646	1175	1352	1324	1346	1331	1637	1268	1328	1442	1444	1371	1375	1368	1323	1341	1336	1342
GNM000161795	1429	1400	1680	1459	1932	2080	1409	1879	1394	1381	1464	1670	1402	1405	1418	1855	1744	1794	1884	1928	1916	1748	1400	2182	1794	1820	1975	1895	1920	1923	2016	1429	1471	1396	1390	1401	1407	1395	1413	1412	1410	1410	1406	1404	1405	1424	1426	1410	1414	1414	1475	1427	1428	1658	1654	1425	1424	1895	1905	1655	1669	1669	1666	1670	1669	1671	1909	1664	1667	1911	1707	1421	1420	1420	1477	1752	1710	1730	1720	1404	1609	1708	1434	1432	1829	1831	1827	1708	1748	1725	1753
GNM000179235	1388	1365	1721	1401	1795	1867	1369	1905	1351	1346	1409	1735	1363	1370	1378	1921	2009	2000	1936	1794	1938	2005	1354	1794	2546	2108	1847	1939	1874	1881	1908	1386	1421	1356	1351	1365	1366	1356	1372	1367	1370	1378	1368	1364	1365	1384	1386	1379	1382	1383	1412	1387	1387	1707	1706	1386	1385	1903	1915	1709	1716	1726	1720	1728	1727	1728	1920	1724	1724	1870	1933	1381	1381	1381	1625	2034	2009	1991	2035	1364	1833	1994	1391	1377	2098	1960	1936	1935	1925	2037	2025
GNM000179255	1409	1371	1709	1418	1812	1877	1377	1905	1362	1368	1422	1719	1371	1382	1392	1888	1919	1879	1912	1818	1942	1934	1372	1820	2108	2363	1855	1916	1847	1862	1892	1391	1433	1363	1360	1372	1380	1363	1381	1375	1378	1388	1377	1373	1376	1391	1407	1387	1396	1397	1428	1408	1408	1703	1701	1407	1406	1908	1891	1700	1703	1711	1703	1711	1709	1714	1899	1707	1713	1888	1874	1390	1390	1390	1574	1953	1904	1925	1924	1378	1765	1936	1406	1395	1950	1915	1889	1872	1855	1919	1931
GNM000195975	1425	1401	1711	1446	1986	2086	1410	1913	1396	1384	1457	1722	1419	1412	1415	1927	1841	1896	1962	1990	1966	1848	1405	1975	1847	1855	2322	1940	2045	2034	2030	1429	1459	1398	1391	1402	1410	1399	1419	1420	1411	1415	1406	1404	1405	1427	1422	1412	1416	1416	1457	1423	1424	1690	1684	1422	1421	1915	1928	1700	1712	1710	1699	1724	1722	1713	1934	1706	1705	1912	1770	1430	1429	1429	1522	1851	1799	1790	1807	1412	1689	1786	1429	1414	1930	1898	1893	1770	1821	1809	1855
GNM000230675	1421	1395	1770	1441	1940	1957	1414	2186	1407	1399	1442	1785	1404	1420	1413	2026	1897	1942	2070	1948	2065	1865	1403	1895	1939	1916	1940	2491	1954	1968	1992	1422	1455	1397	1391	1396	1403	1400	1416	1412	1415	1403	1406	1407	1407	1423	1420	1413	1410	1411	1459	1420	1421	1784	1780	1419	1417	2194	2078	1770	1767	1769	1757	1778	1778	1773	2090	1764	1775	2021	1836	1408	1407	1407	1571	1909	1862	1854	1872	1404	1742	1858	1427	1421	1974	1975	1953	1839	1854	1876	1878
GNM000515235	1420	1389	1735	1433	1969	2083	1401	1947	1393	1380	1440	1768	1407	1404	1410	1954	1835	1907	1972	1967	1982	1853	1394	1920	1874	1847	2045	1954	2452	2316	2033	1414	1456	1389	1381	1390	1399	1388	1408	1409	1401	1407	1393	1394	1396	1417	1419	1409	1409	1409	1445	1419	1420	1732	1726	1417	1417	1963	1983	1735	1742	1737	1727	1759	1755	1749	1993	1733	1742	1946	1789	1420	1419	1419	1537	1848	1819	1785	1821	1403	1682	1771	1422	1411	1925	1899	1897	1790	1844	1828	1867
GNM000737535	1438	1400	1747	1435	1983	2092	1407	1958	1403	1379	1447	1777	1410	1404	1411	1960	1845	1898	1988	1972	1999	1869	1395	1923	1881	1862	2034	1968	2316	2482	2036	1421	1454	1388	1382	1401	1403	1388	1409	1413	1406	1409	1398	1395	1397	1422	1437	1411	1413	1413	1446	1437	1438	1751	1745	1435	1435	1966	1994	1745	1751	1760	1741	1778	1774	1754	2004	1757	1758	1959	1794	1424	1423	1423	1541	1859	1823	1783	1830	1405	1694	1776	1427	1413	1929	1913	1920	1794	1855	1835	1874
GNM000737595	1431	1398	1759	1446	1980	2167	1408	2017	1394	1383	1456	1769	1411	1404	1422	1968	1862	1901	2020	1989	2037	1876	1397	2016	1908	1892	2030	1992	2033	2036	2428	1422	1466	1399	1393	1398	1410	1398	1416	1420	1409	1411	1397	1397	1398	1423	1429	1421	1417	1417	1459	1430	1430	1739	1735	1428	1427	2027	2003	1754	1750	1755	1742	1768	1767	1760	2011	1750	1752	1944	1807	1428	1427	1427	1550	1870	1823	1807	1844	1405	1697	1807	1436	1424	1940	1925	1911	1807	1875	1849	1879
GNM000757845	1414	1652	1381	1474	1423	1437	1658	1420	1672	1605	1489	1385	1664	1672	1381	1382	1361	1371	1406	1423	1414	1367	1665	1429	1386	1391	1429	1422	1414	1421	1422	1829	1490	1642	1636	1652	1663	1647	1665	1664	1657	1682	1674	1670	1673	1677	1410	1394	1413	1413	1500	1411	1413	1360	1356	1408	1406	1427	1425	1367	1380	1376	1368	1386	1384	1386	1430	1372	1380	1433	1343	1677	1676	1676	1183	1373	1340	1365	1359	1665	1294	1348	1452	1456	1396	1390	1383	1344	1365	1362	1367
GNM000757865	1495	1479	1456	1794	1451	1471	1483	1443	1475	1453	1800	1469	1480	1484	1475	1429	1403	1417	1443	1463	1449	1411	1473	1471	1421	1433	1459	1455	1456	1454	1466	1490	1890	1475	1468	1479	1485	1475	1492	1496	1485	1485	1478	1479	1481	1485	1493	1484	1486	1487	1787	1493	1492	1439	1436	1490	1488	1455	1455	1452	1463	1465	1455	1466	1467	1463	1455	1463	1459	1465	1374	1491	1488	1488	1230	1416	1386	1402	1397	1478	1332	1384	1707	1739	1426	1424	1434	1376	1403	1400	1409
GNM000759855	1404	1614	1366	1464	1388	1406	1623	1398	1639	1614	1469	1376	1611	1674	1377	1365	1343	1358	1380	1389	1392	1342	1667	1396	1356	1363	1398	1397	1389	1388	1399	1642	1475	1828	1803	1613	1618	1810	1672	1630	1624	1673	1657	1656	1659	1623	1401	1390	1410	1410	1468	1401	1404	1356	1353	1399	1396	1393	1394	1355	1371	1364	1359	1370	1371	1370	1394	1361	1369	1414	1323	1625	1625	1625	1182	1356	1325	1347	1338	1622	1271	1329	1432	1439	1367	1371	1365	1325	1343	1341	1343
GNM000759865	1399	1608	1359	1458	1381	1400	1618	1393	1627	1601	1464	1370	1605	1664	1371	1361	1337	1353	1373	1383	1387	1336	1657	1390	1351	1360	1391	1391	1381	1382	1393	1636	1468	1803	1812	1607	1612	1805	1656	1622	1619	1671	1646	1645	1648	1616	1396	1383	1403	1403	1461	1396	1399	1351	1348	1394	1391	1387	1385	1349	1365	1358	1354	1364	1365	1364	1385	1355	1363	1406	1316	1619	1618	1618	1177	1349	1320	1341	1330	1617	1265	1323	1425	1433	1362	1366	1360	1318	1337	1336	1337
GNM000759875	1404	1812	1363	1468	1386	1406	1629	1396	1648	1616	1471	1373	1640	1630	1369	1372	1350	1362	1382	1389	1390	1347	1625	1401	1365	1372	1402	1396	1390	1401	1398	1652	1479	1613	1607	1815	1612	1612	1635	1637	1629	1671	1632	1631	1634	1641	1403	1385	1393	1394	1466	1402	1404	1348	1346	1400	1397	1396	1391	1349	1367	1362	1356	1366	1367	1367	1390	1358	1363	1409	1326	1652	1652	1652	1181	1360	1339	1351	1351	1623	1276	1332	1425	1436	1372	1371	1367	1327	1342	1352	1352
GNM000759885	1402	1613	1375	1464	1400	1416	1649	1408	1644	1580	1471	1377	1639	1640	1387	1368	1350	1366	1388	1411	1397	1356	1637	1407	1366	1380	1410	1403	1399	1403	1410	1663	1485	1618	1612	1612	1740	1618	1671	1638	1652	1649	1659	1654	1656	1649	1399	1398	1397	1397	1466	1399	1401	1358	1356	1397	1394	1414	1408	1370	1374	1375	1367	1382	1382	1374	1405	1372	1374	1413	1332	1654	1652	1652	1188	1357	1338	1353	1347	1633	1281	1335	1455	1445	1378	1377	1372	1334	1352	1355	1354
GNM000759935	1404	1613	1368	1462	1387	1406	1623	1397	1638	1610	1469	1379	1613	1675	1377	1365	1343	1359	1379	1388	1392	1340	1669	1395	1356	1363	1399	1400	1388	1388	1398	1647	1475	1810	1805	1612	1618	1826	1667	1630	1624	1675	1656	1655	1657	1625	1401	1387	1409	1409	1468	1401	1404	1357	1354	1399	1396	1391	1392	1358	1373	1365	1360	1371	1372	1372	1393	1362	1372	1412	1322	1627	1627	1627	1182	1353	1324	1346	1336	1624	1272	1330	1432	1437	1367	1371	1365	1324	1342	1341	1344
GNM000759955	1411	1636	1380	1471	1404	1424	1643	1418	1671	1623	1471	1382	1641	1688	1396	1382	1362	1380	1402	1411	1413	1358	1692	1413	1372	1381	1419	1416	1408	1409	1416	1665	1492	1672	1656	1635	1671	1667	1797	1644	1646	1659	1682	1679	1681	1662	1409	1404	1400	1400	1474	1408	1412	1367	1365	1405	1403	1418	1418	1372	1379	1379	1372	1382	1383	1378	1419	1375	1377	1428	1336	1663	1661	1661	1192	1366	1341	1353	1351	1650	1283	1342	1448	1450	1389	1392	1385	1338	1358	1353	1354
GNM000759975	1419	1637	1390	1480	1401	1424	1683	1403	1654	1578	1485	1403	1684	1648	1390	1378	1360	1375	1395	1407	1407	1362	1637	1412	1367	1375	1420	1412	1409	1413	1420	1664	1496	1630	1622	1637	1638	1630	1644	1806	1683	1659	1650	1649	1652	1644	1416	1405	1410	1410	1484	1416	1418	1371	1368	1413	1410	1407	1406	1371	1386	1383	1380	1392	1390	1391	1405	1380	1387	1414	1331	1679	1677	1677	1195	1373	1340	1353	1347	1647	1284	1339	1451	1450	1385	1380	1381	1332	1347	1350	1360
GNM000760015	1417	1630	1378	1474	1394	1416	1817	1408	1654	1593	1479	1386	1654	1647	1386	1375	1353	1373	1390	1401	1405	1356	1627	1410	1370	1378	1411	1415	1401	1406	1409	1657	1485	1624	1619	1629	1652	1624	1646	1683	1821	1655	1647	1647	1650	1636	1413	1397	1408	1409	1471	1414	1416	1364	1361	1411	1409	1412	1404	1361	1380	1375	1371	1381	1382	1382	1404	1372	1376	1410	1332	1664	1663	1663	1188	1362	1333	1356	1344	1639	1289	1336	1451	1446	1382	1386	1378	1334	1345	1347	1358
GNM000760035	1408	1671	1376	1475	1401	1415	1655	1400	1668	1596	1477	1386	1664	1661	1378	1376	1353	1374	1393	1399	1405	1359	1643	1410	1378	1388	1415	1403	1407	1409	1411	1682	1485	1673	1671	1671	1649	1675	1659	1659	1655	1805	1656	1656	1657	1671	1406	1390	1406	1406	1470	1405	1409	1360	1358	1402	1400	1401	1399	1363	1376	1376	1374	1382	1383	1383	1398	1373	1376	1419	1336	1689	1689	1689	1186	1368	1345	1362	1356	1665	1280	1343	1434	1443	1386	1380	1375	1338	1354	1359	1364
GNM000760055	1409	1633	1372	1468	1401	1412	1646	1405	1674	1620	1473	1380	1646	1676	1377	1374	1346	1364	1386	1396	1397	1352	1673	1406	1368	1377	1406	1406	1393	1398	1397	1674	1478	1657	1646	1632	1659	1656	1682	1650	1647	1656	1815	1800	1804	1654	1406	1392	1404	1404	1472	1406	1409	1361	1359	1403	1400	1406	1404	1362	1374	1373	1366	1375	1375	1375	1403	1370	1376	1417	1327	1661	1658	1658	1180	1353	1327	1349	1336	1650	1273	1332	1440	1440	1380	1382	1372	1329	1342	1340	1349
GNM000760075	1407	1632	1369	1467	1399	1407	1645	1404	1671	1621	1473	1377	1642	1675	1375	1374	1345	1364	1385	1392	1396	1350	1673	1404	1364	1373	1404	1407	1394	1395	1397	1670	1479	1656	1645	1631	1654	1655	1679	1649	1647	1656	1800	1810	1807	1652	1403	1390	1404	1404	1473	1404	1406	1360	1357	1400	1398	1405	1403	1360	1373	1369	1365	1373	1374	1374	1401	1366	1371	1416	1326	1659	1657	1657	1179	1355	1329	1350	1337	1649	1273	1333	1440	1441	1376	1381	1372	1328	1341	1335	1349
GNM000760095	1408	1635	1369	1468	1400	1409	1649	1405	1673	1623	1474	1378	1646	1678	1376	1375	1347	1365	1386	1393	1397	1352	1677	1405	1365	1376	1405	1407	1396	1397	1398	1673	1481	1659	1648	1634	1656	1657	1681	1652	1650	1657	1804	1807	1816	1654	1404	1390	1405	1405	1474	1405	1407	1360	1357	1401	1399	1405	1404	1360	1373	1369	1365	1373	1374	1374	1402	1366	1372	1417	1327	1662	1661	1661	1180	1357	1331	1351	1338	1651	1275	1334	1441	1441	1377	1382	1373	1329	1342	1336	1350
GNM000760115	1397	1642	1376	1477	1409	1433	1637	1422	1662	1579	1473	1383	1650	1648	1373	1394	1366	1374	1409	1412	1420	1368	1644	1424	1384	1391	1427	1423	1417	1422	1423	1677	1485	1623	1616	1641	1649	1625	1662	1644	1636	1671	1654	1652	1654	1764	1394	1384	1395	1395	1489	1394	1397	1365	1361	1391	1390	1425	1418	1364	1376	1378	1373	1379	1378	1375	1419	1374	1370	1417	1345	1675	1673	1673	1193	1382	1352	1363	1362	1658	1295	1348	1438	1448	1395	1396	1389	1346	1364	1366	1371
GNM000760155	1744	1403	1444	1484	1428	1438	1411	1429	1413	1396	1497	1452	1399	1403	1508	1405	1374	1388	1411	1428	1426	1367	1397	1426	1386	1407	1422	1420	1419	1437	1429	1410	1493	1401	1396	1403	1399	1401	1409	1416	1413	1406	1406	1403	1404	1394	1756	1525	1564	1564	1490	1752	1748	1434	1431	1745	1745	1438	1420	1435	1443	1444	1438	1447	1446	1447	1419	1441	1443	1436	1359	1404	1402	1402	1202	1384	1359	1379	1370	1401	1302	1347	1473	1462	1394	1406	1394	1359	1373	1378	1373
GNM000760175	1524	1385	1433	1460	1408	1421	1395	1418	1390	1386	1465	1444	1395	1389	1557	1392	1366	1386	1395	1424	1410	1365	1384	1410	1379	1387	1412	1413	1409	1411	1421	1394	1484	1390	1383	1385	1398	1387	1404	1405	1397	1390	1392	1390	1390	1384	1525	1678	1519	1520	1463	1524	1526	1426	1422	1525	1523	1420	1410	1428	1440	1440	1429	1443	1443	1439	1414	1432	1434	1415	1345	1390	1390	1390	1203	1378	1348	1373	1358	1384	1299	1343	1469	1444	1390	1394	1394	1347	1364	1369	1371
GNM000760195	1564	1393	1430	1469	1414	1421	1406	1423	1400	1401	1486	1443	1393	1405	1499	1393	1366	1387	1398	1413	1422	1375	1401	1414	1382	1396	1416	1410	1409	1413	1417	1413	1486	1410	1403	1393	1397	1409	1400	1410	1408	1406	1404	1404	1405	1395	1564	1519	1756	1753	1480	1563	1565	1421	1417	1560	1562	1425	1415	1420	1439	1435	1428	1440	1440	1441	1416	1429	1439	1433	1352	1398	1396	1396	1199	1377	1361	1380	1369	1396	1306	1353	1463	1456	1392	1398	1388	1351	1370	1379	1374
GNM000760215	1565	1394	1430	1470	1414	1421	1407	1423	1400	1401	1486	1443	1393	1405	1498	1394	1367	1388	1399	1413	1422	1376	1401	1414	1383	1397	1416	1411	1409	1413	1417	1413	1487	1410	1403	1394	1397	1409	1400	1410	1409	1406	1404	1404	1405	1395	1564	1520	1753	1758	1480	1564	1566	1421	1417	1563	1563	1425	1415	1420	1439	1435	1428	1440	1440	1441	1416	1429	1439	1433	1353	1398	1396	1396	1200	1378	1362	1381	1370	1396	1306	1354	1463	1457	1393	1399	1389	1352	1371	1380	1375
GNM000760235	1492	1466	1443	1787	1453	1472	1470	1448	1470	1450	1795	1446	1465	1474	1458	1426	1392	1400	1444	1460	1447	1396	1469	1475	1412	1428	1457	1459	1445	1446	1459	1500	1787	1468	1461	1466	1466	1468	1474	1484	1471	1470	1472	1473	1474	1489	1490	1463	1480	1480	1889	1491	1489	1429	1427	1486	1484	1457	1452	1433	1441	1442	1434	1445	1445	1447	1453	1440	1442	1458	1372	1480	1477	1477	1216	1409	1377	1396	1391	1470	1327	1373	1689	1740	1419	1419	1422	1372	1404	1396	1400
GNM000760255	1748	1402	1444	1486	1427	1439	1412	1429	1412	1396	1497	1452	1398	1402	1507	1405	1374	1389	1411	1428	1426	1368	1397	1427	1387	1408	1423	1420	1419	1437	1430	1411	1493	1401	1396	1402	1399	1401	1408	1416	1414	1405	1406	1404	1405	1394	1752	1524	1563	1564	1491	1756	1747	1433	1430	1748	1743	1439	1421	1434	1443	1444	1437	1446	1445	1447	1420	1441	1443	1436	1359	1404	1402	1402	1202	1385	1360	1380	1371	1400	1301	1348	1474	1464	1395	1406	1394	1359	1373	1378	1374
GNM000760275	1747	1404	1444	1485	1429	1440	1414	1431	1416	1399	1496	1452	1401	1406	1507	1406	1375	1389	1412	1429	1427	1368	1400	1428	1387	1408	1424	1421	1420	1438	1430	1413	1492	1404	1399	1404	1401	1404	1412	1418	1416	1409	1409	1406	1407	1397	1748	1526	1565	1566	1489	1747	1754	1434	1431	1740	1741	1439	1421	1435	1443	1444	1438	1447	1446	1447	1420	1441	1443	1437	1360	1406	1404	1404	1203	1385	1360	1380	1371	1403	1302	1348	1471	1461	1395	1407	1395	1360	1374	1379	1374
GNM000760295	1433	1348	2047	1418	1690	1723	1363	1757	1353	1335	1424	2089	1356	1359	1421	1759	1689	1716	1754	1706	1791	1680	1351	1658	1707	1703	1690	1784	1732	1751	1739	1360	1439	1356	1351	1348	1358	1357	1367	1371	1364	1360	1361	1360	1360	1365	1434	1426	1421	1421	1429	1433	1434	2441	2430	1433	1432	1773	1793	2089	2067	2072	2053	2070	2072	2056	1802	2064	2068	1750	1645	1363	1361	1361	1448	1695	1673	1635	1673	1353	1567	1638	1414	1406	1720	1707	1715	1645	1678	1682	1692
GNM000760335	1430	1346	2042	1416	1685	1717	1360	1754	1350	1333	1421	2085	1353	1356	1417	1757	1687	1712	1749	1702	1787	1673	1349	1654	1706	1701	1684	1780	1726	1745	1735	1356	1436	1353	1348	1346	1356	1354	1365	1368	1361	1358	1359	1357	1357	1361	1431	1422	1417	1417	1427	1430	1431	2430	2433	1430	1429	1769	1789	2082	2061	2067	2050	2064	2066	2052	1797	2059	2064	1745	1644	1360	1358	1358	1444	1692	1671	1633	1671	1350	1562	1634	1413	1404	1716	1704	1711	1644	1676	1680	1688
GNM000760355	1742	1400	1443	1481	1426	1437	1409	1428	1409	1393	1492	1452	1395	1399	1507	1405	1374	1388	1410	1428	1424	1367	1393	1425	1386	1407	1422	1419	1417	1435	1428	1408	1490	1399	1394	1400	1397	1399	1405	1413	1411	1402	1403	1400	1401	1391	1745	1525	1560	1563	1486	1748	1740	1433	1430	1755	1745	1435	1420	1433	1442	1443	1437	1445	1444	1446	1419	1440	1442	1434	1359	1401	1399	1399	1202	1384	1359	1381	1372	1396	1300	1348	1472	1460	1394	1405	1393	1359	1373	1380	1374
GNM000760375	1738	1397	1441	1479	1425	1436	1407	1426	1407	1392	1491	1450	1393	1397	1503	1405	1372	1387	1410	1425	1424	1365	1392	1424	1385	1406	1421	1417	1417	1435	1427	1406	1488	1396	1391	1397	1394	1396	1403	1410	1409	1400	1400	1398	1399	1390	1745	1523	1562	1563	1484	1743	1741	1432	1429	1745	1752	1434	1419	1432	1440	1441	1436	1444	1443	1444	1418	1438	1440	1432	1357	1400	1398	1398	1202	1383	1358	1379	1370	1395	1300	1346	1470	1459	1393	1405	1393	1357	1371	1377	1372
GNM001040845	1440	1395	1773	1437	1934	1962	1412	2313	1394	1379	1445	1792	1409	1411	1421	2008	1870	1922	2046	1952	2039	1853	1408	1895	1903	1908	1915	2194	1963	1966	2027	1427	1455	1393	1387	1396	1414	1391	1418	1407	1412	1401	1406	1405	1405	1425	1438	1420	1425	1425	1457	1439	1439	1773	1769	1435	1434	2501	2107	1760	1771	1763	1756	1774	1774	1769	2118	1760	1778	2017	1819	1411	1410	1410	1555	1873	1848	1852	1858	1398	1710	1837	1433	1423	1954	1945	1928	1821	1853	1864	1867
GNM001631935	1422	1390	1787	1436	1925	1982	1404	2086	1395	1382	1449	1809	1399	1412	1414	2021	1840	1931	2027	1927	2068	1853	1408	1905	1915	1891	1928	2078	1983	1994	2003	1425	1455	1394	1385	1391	1408	1392	1418	1406	1404	1399	1404	1403	1404	1418	1420	1410	1415	1415	1452	1421	1421	1793	1789	1420	1419	2107	3018	1786	1800	1800	1786	1797	1795	1788	2976	1795	1787	2238	1808	1406	1405	1405	1561	1862	1832	1832	1850	1395	1709	1824	1436	1418	1959	1933	1928	1811	1852	1856	1856
GNM001631965	1434	1349	2102	1425	1689	1734	1361	1746	1352	1334	1430	2138	1357	1356	1425	1752	1683	1724	1754	1708	1779	1680	1350	1655	1709	1700	1700	1770	1735	1745	1754	1367	1452	1355	1349	1349	1370	1358	1372	1371	1361	1363	1362	1360	1360	1364	1435	1428	1420	1420	1433	1434	1435	2089	2082	1433	1432	1760	1786	2326	2116	2113	2095	2125	2121	2109	1793	2103	2102	1744	1646	1361	1360	1360	1442	1689	1673	1644	1676	1352	1558	1641	1426	1415	1716	1708	1721	1646	1683	1684	1688
GNM001631985	1443	1367	2098	1439	1706	1734	1380	1764	1368	1346	1450	2186	1375	1378	1440	1753	1691	1736	1751	1720	1788	1688	1366	1669	1716	1703	1712	1767	1742	1751	1750	1380	1463	1371	1365	1367	1374	1373	1379	1386	1380	1376	1374	1373	1373	1376	1443	1440	1439	1439	1441	1443	1443	2067	2061	1442	1440	1771	1800	2116	2316	2108	2105	2111	2114	2126	1808	2102	2109	1756	1658	1374	1373	1373	1451	1697	1680	1651	1694	1363	1569	1638	1435	1427	1734	1714	1726	1661	1691	1689	1696
GNM001632005	1444	1362	2136	1437	1701	1737	1374	1750	1366	1345	1447	2114	1367	1370	1429	1744	1694	1730	1750	1713	1797	1692	1361	1669	1726	1711	1710	1769	1737	1760	1755	1376	1465	1364	1358	1362	1375	1365	1379	1383	1375	1376	1373	1369	1369	1378	1444	1440	1435	1435	1442	1444	1444	2072	2067	1443	1441	1763	1800	2113	2108	2432	2154	2110	2108	2157	1803	2396	2130	1768	1660	1375	1374	1374	1447	1703	1676	1648	1689	1367	1569	1649	1433	1428	1729	1717	1713	1659	1700	1701	1700
GNM001632025	1437	1356	2104	1429	1687	1725	1370	1741	1358	1339	1435	2099	1364	1364	1427	1744	1683	1722	1741	1702	1786	1682	1355	1666	1720	1703	1699	1757	1727	1741	1742	1368	1455	1359	1354	1356	1367	1360	1372	1380	1371	1374	1366	1365	1365	1373	1438	1429	1428	1428	1434	1437	1438	2053	2050	1437	1436	1756	1786	2095	2105	2154	2286	2090	2092	2125	1790	2146	2110	1750	1650	1370	1369	1369	1445	1693	1667	1645	1672	1362	1558	1636	1425	1420	1726	1708	1712	1650	1688	1681	1690
GNM001632045	1446	1366	2102	1436	1715	1745	1380	1763	1370	1349	1447	2126	1376	1380	1436	1776	1700	1745	1766	1733	1807	1707	1363	1670	1728	1711	1724	1778	1759	1778	1768	1386	1466	1370	1364	1366	1382	1371	1382	1392	1381	1382	1375	1373	1373	1379	1447	1443	1440	1440	1445	1446	1447	2070	2064	1445	1444	1774	1797	2125	2111	2110	2090	2425	2405	2139	1805	2101	2143	1762	1664	1381	1380	1380	1459	1707	1698	1657	1711	1369	1582	1657	1440	1424	1742	1732	1747	1664	1700	1710	1713
GNM001632065	1445	1367	2101	1438	1714	1742	1381	1762	1371	1350	1448	2122	1376	1380	1437	1776	1700	1745	1763	1733	1807	1704	1364	1669	1727	1709	1722	1778	1755	1774	1767	1384	1467	1371	1365	1367	1382	1372	1383	1390	1382	1383	1375	1374	1374	1378	1446	1443	1440	1440	1445	1445	1446	2072	2066	1444	1443	1774	1795	2121	2114	2108	2092	2405	2423	2136	1803	2102	2141	1761	1663	1381	1380	1380	1459	1706	1697	1656	1709	1369	1582	1655	1439	1426	1741	1730	1746	1663	1699	1710	1712
GNM001632075	1447	1366	2154	1441	1700	1735	1381	1751	1371	1351	1448	2138	1373	1374	1433	1752	1698	1737	1753	1725	1800	1691	1363	1671	1728	1714	1713	1773	1749	1754	1760	1386	1463	1370	1364	1367	1374	1372	1378	1391	1382	1383	1375	1374	1374	1375	1447	1439	1441	1441	1447	1447	1447	2056	2052	1446	1444	1769	1788	2109	2126	2157	2125	2139	2136	2350	1796	2148	2149	1769	1663	1378	1377	1377	1450	1706	1682	1653	1692	1374	1573	1646	1436	1426	1732	1718	1719	1663	1695	1690	1701
GNM001632105	1421	1389	1796	1437	1929	1991	1404	2099	1402	1383	1452	1820	1402	1415	1422	2028	1850	1943	2033	1939	2079	1860	1410	1909	1920	1899	1934	2090	1993	2004	2011	1430	1455	1394	1385	1390	1405	1393	1419	1405	1404	1398	1403	1401	1402	1419	1419	1414	1416	1416	1453	1420	1420	1802	1797	1419	1418	2118	2976	1793	1808	1803	1790	1805	1803	1796	3024	1799	1794	2234	1815	1405	1404	1404	1568	1868	1837	1841	1859	1396	1718	1833	1435	1419	1972	1944	1939	1817	1861	1862	1863
GNM001632125	1441	1358	2127	1435	1695	1734	1371	1748	1363	1342	1444	2105	1364	1368	1427	1741	1692	1729	1747	1708	1794	1687	1357	1664	1724	1707	1706	1764	1733	1757	1750	1372	1463	1361	1355	1358	1372	1362	1375	1380	1372	1373	1370	1366	1366	1374	1441	1432	1429	1429	1440	1441	1441	2064	2059	1440	1438	1760	1795	2103	2102	2396	2146	2101	2102	2148	1799	2405	2125	1760	1658	1372	1371	1371	1447	1700	1674	1643	1682	1364	1568	1641	1431	1426	1726	1715	1712	1657	1696	1691	1695
GNM001632145	1443	1363	2122	1434	1709	1739	1375	1761	1367	1344	1443	2140	1366	1372	1428	1763	1692	1725	1769	1710	1794	1689	1361	1667	1724	1713	1705	1775	1742	1758	1752	1380	1459	1369	1363	1363	1374	1372	1377	1387	1376	1376	1376	1371	1372	1370	1443	1434	1439	1439	1442	1443	1443	2068	2064	1442	1440	1778	1787	2102	2109	2130	2110	2143	2141	2149	1794	2125	2338	1770	1653	1373	1372	1372	1443	1692	1678	1643	1682	1365	1567	1651	1432	1425	1729	1715	1727	1653	1684	1692	1696
GNM001632165	1437	1408	1755	1445	1913	1952	1409	2024	1407	1399	1456	1774	1400	1426	1414	1961	1792	1878	1979	1909	2014	1804	1416	1911	1870	1888	1912	2021	1946	1959	1944	1433	1465	1414	1406	1409	1413	1412	1428	1414	1410	1419	1417	1416	1417	1417	1436	1415	1433	1433	1458	1436	1437	1750	1745	1434	1432	2017	2238	1744	1756	1768	1750	1762	1761	1769	2234	1760	1770	2445	1770	1408	1406	1406	1523	1800	1774	1790	1795	1400	1671	1779	1434	1428	1909	1914	1892	1771	1800	1797	1807
GNM001885215	1360	1326	1659	1359	1726	1780	1332	1811	1321	1320	1369	1668	1328	1332	1347	1813	2112	1892	1820	1735	1827	1995	1322	1707	1933	1874	1770	1836	1789	1794	1807	1343	1374	1323	1316	1326	1332	1322	1336	1331	1332	1336	1327	1326	1327	1345	1359	1345	1352	1353	1372	1359	1360	1645	1644	1359	1357	1819	1808	1646	1658	1660	1650	1664	1663	1663	1815	1658	1653	1770	2652	1342	1342	1342	1565	2180	2064	1916	2037	1336	1776	1902	1352	1340	1883	1803	1809	2643	1906	2049	2047
GNM001989415	1407	1652	1376	1481	1409	1438	1665	1409	1667	1582	1485	1386	1686	1651	1381	1386	1367	1383	1401	1407	1410	1368	1647	1421	1381	1390	1430	1408	1420	1424	1428	1677	1491	1625	1619	1652	1654	1627	1663	1679	1664	1689	1661	1659	1662	1675	1404	1390	1398	1398	1480	1404	1406	1363	1360	1401	1400	1411	1406	1361	1374	1375	1370	1381	1381	1378	1405	1372	1373	1408	1342	1801	1795	1795	1190	1375	1347	1354	1353	1684	1281	1343	1441	1449	1399	1389	1386	1344	1364	1356	1370
GNM001989435	1405	1652	1375	1477	1408	1437	1664	1408	1667	1584	1484	1385	1683	1649	1382	1385	1367	1382	1400	1406	1409	1368	1646	1420	1381	1390	1429	1407	1419	1423	1427	1676	1488	1625	1618	1652	1652	1627	1661	1677	1663	1689	1658	1657	1661	1673	1402	1390	1396	1396	1477	1402	1404	1361	1358	1399	1398	1410	1405	1360	1373	1374	1369	1380	1380	1377	1404	1371	1372	1406	1342	1795	1800	1800	1190	1375	1346	1354	1353	1681	1281	1343	1440	1445	1398	1388	1385	1344	1364	1356	1370
GNM001989455	1405	1652	1375	1477	1408	1437	1664	1408	1667	1584	1484	1385	1683	1649	1382	1385	1367	1382	1400	1406	1409	1368	1646	1420	1381	1390	1429	1407	1419	1423	1427	1676	1488	1625	1618	1652	1652	1627	1661	1677	1663	1689	1658	1657	1661	1673	1402	1390	1396	1396	1477	1402	1404	1361	1358	1399	1398	1410	1405	1360	1373	1374	1369	1380	1380	1377	1404	1371	1372	1406	1342	1795	1800	1800	1190	1375	1346	1354	1353	1681	1281	1343	1440	1445	1398	1388	1385	1344	1364	1356	1370
GNM002006815	1203	1181	1450	1221	1487	1525	1188	1551	1177	1162	1221	1458	1187	1181	1206	1569	1599	1604	1579	1491	1565	1569	1175	1477	1625	1574	1522	1571	1537	1541	1550	1183	1230	1182	1177	1181	1188	1182	1192	1195	1188	1186	1180	1179	1180	1193	1202	1203	1199	1200	1216	1202	1203	1448	1444	1202	1202	1555	1561	1442	1451	1447	1445	1459	1459	1450	1568	1447	1443	1523	1565	1190	1190	1190	1860	1640	1607	1619	1611	1188	1824	1639	1208	1201	1600	1572	1579	1566	1529	1622	1587
GNM002252625	1386	1361	1696	1398	1775	1848	1362	1853	1349	1353	1404	1711	1364	1359	1370	1869	2335	1956	1889	1792	1882	2088	1352	1752	2034	1953	1851	1909	1848	1859	1870	1373	1416	1356	1349	1360	1357	1353	1366	1373	1362	1368	1353	1355	1357	1382	1384	1378	1377	1378	1409	1385	1385	1695	1692	1384	1383	1873	1862	1689	1697	1703	1693	1707	1706	1706	1868	1700	1692	1800	2180	1375	1375	1375	1640	2772	2192	2026	2228	1368	1880	2041	1389	1372	1943	1858	1864	2178	1969	2228	2171
GNM002252635	1361	1338	1675	1368	1728	1791	1333	1836	1323	1324	1373	1697	1341	1331	1353	1844	2149	1889	1861	1743	1837	2063	1324	1710	2009	1904	1799	1862	1819	1823	1823	1340	1386	1325	1320	1339	1338	1324	1341	1340	1333	1345	1327	1329	1331	1352	1359	1348	1361	1362	1377	1360	1360	1673	1671	1359	1358	1848	1832	1673	1680	1676	1667	1698	1697	1682	1837	1674	1678	1774	2064	1347	1346	1346	1607	2192	2542	1951	2244	1338	1801	1954	1357	1343	1901	1833	1843	2064	1946	2228	2096
GNM002252665	1381	1351	1652	1386	1742	1776	1355	1839	1341	1338	1396	1666	1348	1355	1373	1829	1951	1917	1829	1751	1843	1944	1346	1730	1991	1925	1790	1854	1785	1783	1807	1365	1402	1347	1341	1351	1353	1346	1353	1353	1356	1362	1349	1350	1351	1363	1379	1373	1380	1381	1396	1380	1380	1635	1633	1381	1379	1852	1832	1644	1651	1648	1645	1657	1656	1653	1841	1643	1643	1790	1916	1354	1354	1354	1619	2026	1951	2349	1968	1354	1836	2054	1380	1361	1898	1841	1833	1916	1812	1980	1975
GNM002252675	1372	1351	1681	1377	1731	1799	1343	1846	1335	1338	1383	1711	1349	1346	1354	1862	2153	1900	1873	1745	1855	2124	1331	1720	2035	1924	1807	1872	1821	1830	1844	1359	1397	1338	1330	1351	1347	1336	1351	1347	1344	1356	1336	1337	1338	1362	1370	1358	1369	1370	1391	1371	1371	1673	1671	1372	1370	1858	1850	1676	1694	1689	1672	1711	1709	1692	1859	1682	1682	1795	2037	1353	1353	1353	1611	2228	2244	1968	2820	1348	1822	1981	1364	1354	1935	1847	1850	2038	1981	2613	2140
GNM002812945	1403	1624	1368	1470	1395	1416	1639	1397	1661	1584	1474	1371	1655	1655	1371	1369	1357	1367	1383	1399	1397	1354	1637	1404	1364	1378	1412	1404	1403	1405	1405	1665	1478	1622	1617	1623	1633	1624	1650	1647	1639	1665	1650	1649	1651	1658	1401	1384	1396	1396	1470	1400	1403	1353	1350	1396	1395	1398	1395	1352	1363	1367	1362	1369	1369	1374	1396	1364	1365	1400	1336	1684	1681	1681	1188	1368	1338	1354	1348	1737	1285	1340	1433	1440	1382	1374	1371	1336	1350	1352	1358
GNM003011125	1301	1276	1570	1317	1626	1669	1289	1692	1271	1265	1326	1579	1278	1284	1305	1718	1810	1822	1748	1633	1714	1739	1268	1609	1833	1765	1689	1742	1682	1694	1697	1294	1332	1271	1265	1276	1281	1272	1283	1284	1289	1280	1273	1273	1275	1295	1302	1299	1306	1306	1327	1301	1302	1567	1562	1300	1300	1710	1709	1558	1569	1569	1558	1582	1582	1573	1718	1568	1567	1671	1776	1281	1281	1281	1824	1880	1801	1836	1822	1285	2300	1869	1315	1297	1796	1715	1726	1779	1695	1835	1804
GNM003011885	1349	1332	1647	1367	1729	1763	1335	1838	1328	1318	1373	1659	1335	1336	1344	1830	1976	1895	1853	1743	1831	1956	1328	1708	1994	1936	1786	1858	1771	1776	1807	1348	1384	1329	1323	1332	1335	1330	1342	1339	1336	1343	1332	1333	1334	1348	1347	1343	1353	1354	1373	1348	1348	1638	1634	1348	1346	1837	1824	1641	1638	1649	1636	1657	1655	1646	1833	1641	1651	1779	1902	1343	1343	1343	1639	2041	1954	2054	1981	1340	1869	2373	1356	1343	1906	1829	1823	1901	1827	1988	2003
